0.0120450198688
4.31242268822e-06
0.0223803830373
0.00132633718
5.42117135597e-06
5.62202664091e-05
0.0148101601224
0.000310054376967
2.16944830953e-06
0.00246441553872
7.36588457575e-07
7.10272736547e-08
0.483615911595
0.000310054377259
0.0120450198688
9.05274807502e-07
5.62202663075e-05
6.51672031405e-06
0.000310054376952
0.483615911595
0.000381232661536
3.02574903172e-05
0.000381232661481
0.000381232661499
0.0148101601606
2.00228154785e-05
4.31242268774e-06
0.000310054376959
3.02574904412e-05
0.0120450198695
4.31242268811e-06
0.00200429528096
0.0020042952809
0.0120450198696
9.85179234707e-10
0.0148101601606
0.00200429528108
2.4079058357e-09
1.11309611486e-06
0.00038123266153
0.00038123266142
3.02574904445e-05
0.0148101601606
0.00246441553837
7.36588457383e-07
0.0120450198694
0.000381232661475
0.000310054377053
6.11652325938e-05
8.19220657405e-06
4.57236261165e-05
0.00200429528096
0.0120450198688
0.000310054376959
5.99063244962e-07
3.02574904417e-05
8.81885194176e-10
0.0148101601604
0.00246441553868
0.00372410312283
5.99063245071e-07
0.000310054377008
0.0020042952812
0.000310054377006
0.00246441553872
3.27878086355e-07
0.000310054376959
7.36588457551e-07
0.000381232661788
2.90603535209e-08
0.0223803830373
0.0637142793173
0.00020517767629
4.57236261473e-05
1.07332910196e-07
0.000441544183972
0.0223803830373
4.3124226888e-06
0.000205177676113
5.76879742816e-06
2.50921520198e-08
0.00246441553801
5.99063245039e-07
4.57236261126e-05
0.0223803830373
0.00031005437705
1.56472351529e-08
0.118385024815
0.00246441553845
3.72036148062e-05
0.483615911595
3.02574904413e-05
5.30241306329e-06
0.000205177676111
0.000381232661505
0.00246441553836
0.000310054377023
0.00498179285222
0.000381232661434
0.0020042952812