0.000199999763973
2.33099669507e-10
0.000199999763973
7.14284616314e-06
7.5757412915e-09
7.5757412915e-09
0.000199999763973
2.38094795697e-07
2.33099669507e-10
7.14284616314e-06
6.99298833745e-12
6.99298833745e-12
0.0999999620686
2.38094795697e-07
0.000199999763973
6.99298833745e-12
7.5757412915e-09
2.33099669507e-10
2.38094795697e-07
0.0999999620686
2.38094795697e-07
7.5757412915e-09
2.38094795697e-07
2.38094795697e-07
0.000199999763973
7.5757412915e-09
2.33099669507e-10
2.38094795697e-07
7.5757412915e-09
0.000199999763973
2.33099669507e-10
7.14284616314e-06
7.14284616314e-06
0.000199999763973
5.95377991735e-15
0.000199999763973
7.14284616314e-06
5.95377991735e-15
6.99298833745e-12
2.38094795697e-07
2.38094795697e-07
7.5757412915e-09
0.000199999763973
7.14284616314e-06
6.99298833745e-12
0.000199999763973
2.38094795697e-07
2.38094795697e-07
3.78787062952e-08
7.5757412915e-09
7.5757412915e-09
7.14284616314e-06
0.000199999763973
2.38094795697e-07
6.99298833745e-12
7.5757412915e-09
2.05676079246e-13
0.000199999763973
7.14284616314e-06
7.14284616314e-06
6.99298833745e-12
2.38094795697e-07
7.14284616314e-06
2.38094795697e-07
7.14284616314e-06
3.49649415374e-11
2.38094795697e-07
6.99298833745e-12
2.9761849494e-07
6.99298833745e-12
0.000199999763973
0.00499999607036
2.38094795697e-07
7.5757412915e-09
6.99298833745e-12
7.14284616314e-06
0.000199999763973
2.33099669507e-10
2.38094795697e-07
1.16549834254e-09
2.33099669507e-10
7.14284616314e-06
6.99298833745e-12
7.5757412915e-09
0.000199999763973
2.38094795697e-07
6.99298833745e-12
0.00499999607036
7.14284616314e-06
7.5757412915e-09
0.0999999620686
7.5757412915e-09
2.33099669507e-10
2.38094795697e-07
2.38094795697e-07
7.14284616314e-06
2.38094795697e-07
3.57142306626e-05
2.38094795697e-07
7.14284616314e-06
0.00499999607036
0.00499999607036
2.38094795697e-07
2.38094795697e-07
0.00499999607036
1.02838039182e-12
0.00499999607036
7.14284616314e-06
2.38094795697e-07
2.33099669507e-10
4.25269900501e-15
6.99298833745e-12
7.5757412915e-09
2.33099669507e-10
6.99298833745e-12
2.38094795697e-07
1.70107961659e-16
7.5757412915e-09
0.000199999763973
0.00499999607036
2.38094795697e-07
7.14284616314e-06
7.14284616314e-06
0.0999999620686
2.38094795697e-07
0.000199999763973
7.14284616314e-06
7.14284616314e-06
0.000199999763973
2.38094795697e-07
0.0999999620686
1.16549834254e-09
0.00624999509465
7.14284616314e-06
2.38094795697e-07
0.0999999620686
0.000199999763973
6.99298833745e-12
2.38094795697e-07
0.00499999607036
7.14284616314e-06
0.00499999607036
6.99298833745e-12
0.000199999763973
0.000249999705234
2.97688994592e-14
0.00499999607036
0.00499999607036
0.000199999763973
2.38094795697e-07
7.5757412915e-09
3.49649415374e-11
2.38094795697e-07
2.38094795697e-07
0.000199999763973
1.16549834254e-09
5.95377991735e-15
7.14284616314e-06
7.14284616314e-06
2.33099669507e-10
2.33099669507e-10
0.00499999607036
0.000199999763973
2.33099669507e-10
0.000199999763973
7.14284616314e-06
6.99298833745e-12
7.5757412915e-09
2.33099669507e-10
2.05676079246e-13
7.14284616314e-06
0.000199999763973
2.38094795697e-07
7.14284616314e-06
0.000199999763973
5.95377991735e-15
3.78787062952e-08
7.5757412915e-09
2.33099669507e-10
1.19047397338e-06
7.5757412915e-09
2.38094795697e-07
7.14284616314e-06
3.57142306626e-05
2.33099669507e-10
7.5757412915e-09
0.0999999620686
7.14284616314e-06
2.38094795697e-07
7.5757412915e-09
2.33099669507e-10
7.14284616314e-06
0.00499999607036
7.14284616314e-06
6.99298833745e-12
7.5757412915e-09
2.38094795697e-07
7.5757412915e-09
2.33099669507e-10
2.38094795697e-07