7.5757412915e-09
7.14284616314e-06
7.5757412915e-09
2.38094795697e-07
0.000199999763973
0.000199999763973
0.000199999763973
2.38094795697e-07
0.000199999763973
7.14284616314e-06
7.5757412915e-09
7.14284616314e-06
7.14284616314e-06
6.99298833745e-12
7.5757412915e-09
1.02838039182e-12
7.5757412915e-09
0.000199999763973
2.33099669507e-10
2.38094795697e-07
7.5757412915e-09
0.00499999607036
2.05676079246e-13
2.33099669507e-10
2.38094795697e-07
7.14284616314e-06
2.33099669507e-10
6.99298833745e-12
1.41411428945e-23
0.00499999607036
0.00499999607036
6.99298833745e-12
7.5757412915e-09
7.5757412915e-09
0.0999999620686
1.70107961659e-16
7.5757412915e-09
7.14284616314e-06
6.99298833745e-12
1.74824706938e-10
6.99298833745e-12
5.23405765064e-26
8.50539804647e-16
2.33099669507e-10
7.5757412915e-09
2.33099669507e-10
2.33099669507e-10
7.14284616314e-06
7.14284616314e-06
7.5757412915e-09
0.000199999763973
6.99298833745e-12
7.14284616314e-06
1.70107961659e-16
7.5757412915e-09
7.5757412915e-09
2.05676079246e-13
2.38094795697e-07
2.40369896254e-17
6.99298833745e-12
7.5757412915e-09
0.000199999763973
2.40369896254e-17
7.14284616314e-06
0.000199999763973
6.99298833745e-12
6.99298833745e-12
7.14284616314e-06
0.000199999763973
2.57867943091e-21
2.97688994592e-14
7.5757412915e-09
0.00499999607036
7.07304974788e-27
0.000199999763973
1.41460995564e-27
1.19047397338e-06
2.38094795697e-07
6.99298833745e-12
7.14284616314e-06
7.14284616314e-06
7.14284616314e-06
2.38094795697e-07
2.05676079246e-13
0.00499999607036
2.33099669507e-10
2.33099669507e-10
0.00499999607036
6.99298833745e-12
2.38094795697e-07
7.14284616314e-06
7.14284616314e-06
3.78787062952e-08
1.02838039182e-12
5.95377991735e-15
5.95377991735e-15
0.000199999763973
7.5757412915e-09
2.38094795697e-07
0.000199999763973
2.05676079246e-13
7.5757412915e-09
6.99298833745e-12
0.000199999763973
2.38094795697e-07
6.99298833745e-12
7.14284616314e-06
7.14284616314e-06
5.95377991735e-15
1.70107961659e-16
0.000199999763973
2.38094795697e-07
7.5757412915e-09
6.99298833745e-12
7.14284616314e-06
2.05676079246e-13
2.38094795697e-07
7.5757412915e-09
2.05676079246e-13
2.38094795697e-07
2.40369896254e-17
0.00499999607036
1.02838039182e-12
2.05676079246e-13
2.38094795697e-07
5.95377991735e-15
2.38094795697e-07
7.5757412915e-09
6.99298833745e-12
2.33099669507e-10
0.00499999607036
2.38094795697e-07
2.05676079246e-13
0.0999999620686
1.16549834254e-09
5.95377991735e-15
0.00499999607036
0.00499999607036
1.02838039182e-12
6.99298833745e-12
7.14284616314e-06
7.5757412915e-09
7.14284616314e-06
3.80856468941e-29
2.05676079246e-13
2.33099669507e-10
2.33099669507e-10
7.14284616314e-06
0.000199999763973
7.14284616314e-06
3.49649415374e-11
0.00499999607036
0.00499999607036
2.8292199234e-28
7.5757412915e-09
0.000199999763973
7.14284616314e-06
6.00924735483e-16
7.14284616314e-06
0.000199999763973
7.14284616314e-06
2.05676079246e-13
0.000999998815578
5.15735888392e-22
0.000199999763973
2.33099669507e-10
2.40369896254e-17
6.99298833745e-12
0.00499999607036
0.000199999763973
2.33099669507e-10
2.33099669507e-10
2.38094795697e-07
1.19047397338e-06
0.000199999763973
0.000199999763973
1.19047397338e-06
1.16549834254e-09
7.5757412915e-09
3.57142306626e-05
7.14284616314e-06
7.5757412915e-09
1.16549834254e-09
2.38094795697e-07
6.99298833745e-12
0.000199999763973
7.14284616314e-06
5.95377991735e-15
7.5757412915e-09
2.38094795697e-07
7.5757412915e-09
0.0999999620686
6.99298833745e-12
2.38094795697e-07
6.99298833745e-12
7.5757412915e-09
3.49649415374e-11
2.38094795697e-07
0.000199999763973
1.19047397338e-06